L222
Nnodes=2
tol 1e-7
Nx=256

Nsteps   Vcycles     Err
128       256        1.61e-5
64        192        1.31e-5
32        96         1.47e-5
16        60         1.10e-4
8         32         4.90e-4
4         16         2.01e-3
2         9          8.27e-3
1         5          3.55e-2

Nx=128
Nsteps   Vcycles     Err
128       256        7.67e-5
64        189        7.23e-5
32        96         5.2e-5
16        58         6.00e-5
8         32         4.401e-4
4         16         1.96e-3
2         9          8.22e-3
1         5          3.54e-2

Nx=64
Nsteps   Vcycles     Err
128       221        3.15e-4
64        128        3.09e-4
32        96         2.9e-4
16        48         2.08e-4
8         32         2.4e-4
4         16         1.76e-3
2         8          8.00e-3
1         5          3.51e-2

Nx=32
Nsteps   Vcycles     Err
128       128        1.25e-3
64        64         1.25e-3
32        64         1.22e-3
16        48         1.15e-3
8         24         8.2e-4
4         16         9.56e-4
2         8          7.10e-3
1         4          3.34e-2

L222
Nnodes=3
tol 1e-7
Nx=256
1   50    0.0005923430087 
1   42    0.0005923430087 
2   80    7.097993508e-05 
2   68    5.096567759e-05 
2   45    7.098145994e-05 
2   66    5.096567261e-05 
3   96    2.384072078e-05 
3   66    2.722830983e-05 
4   86    2.41333657e-05  

L444
Nnodes=3
tol 1e-8
Nx=256
2   180    3.438202356e-05
4   326    1.736390212e-06
8   566    1.412376642e-07
16   1012    1.244140764e-08
32   1634    2.756765888e-09

tol=10-12
4   2420    1.73637694e-06
8   3700    1.412e-7
9   5060    9.301099386e-08
10   5620    6.388917801e-08
12   6470    3.3381951e-08

18   9800    8.592495004e-09
20   11310    6.349490884e-09
24   11550    4.09583098e-09

4   440    1.736381863e-06

8   1558    1.412277827e-07
8   877    1.412308129e-07

16   1663    1.244217719e-08
16   2690    1.244048038e-08

32   3200    2.644077641e-09
64   6400    2.026283634e-09

